{
    "K": {
        "type_id": "opencv-matrix",
        "rows": 3,
        "cols": 3,
        "dt": "d",
        "data": [ 6.1334427182575666e+02, 0.0, 4.1764003987033271e+02,
            0.0, 6.0977726583146114e+02, 2.3258972983406051e+02, 0.0,
            0.0, 1.0 ]
    }
}
