{
    "K": {
        "type_id": "opencv-matrix",
        "rows": 3,
        "cols": 3,
        "dt": "d",
        "data": [ 6.0994850832226630e+03, 0.0, -3.9683388850118422e+03,
            0.0, 1.1440292173920866e+03, 2.7608356480951477e+02, 0.0,
            0.0, 1.0 ]
    }
}
